Név                  Dátum                Utolsó ár            Forgalom (db)        Forgalom (HUF érték) Forgalom (EUR érték) Kötések száma        Nyitó ár             Minimum ár           Maximum ár           Deviza               Átlag ár             Kapitalizáció       

4IG                  2024.05.09.          805                  38155                30570054             78715.7637           91                   804                  798                  805                  HUF                  801.207              240755354070        

4IG                  2024.05.10.          805                  103432               82832842             213607.824           169                  800                  796                  805                  HUF                  800.8435             240755354070        

4IG                  2024.05.13.          802                  102786               81992208             211680.1983          171                  805                  794                  805                  HUF                  797.6982             239858129148        

AKKO                 2024.05.09.          250                  2118                 526257               1355.0752            6                    243                  243                  250                  HUF                  248.4688             8338800000          

AKKO                 2024.05.10.          250                  10500                2624402              6767.7601            6                    249                  249                  250                  HUF                  249.943              8338800000          

AKKO                 2024.05.13.          249                  4015                 986740               2547.4777            5                    246                  245                  250                  HUF                  245.7634             8305444800          

ALTEO                2024.05.09.          3730                 25544                94847040             244224.5339          113                  3700                 3690                 3730                 HUF                  3713.0849            74344398020         

ALTEO                2024.05.10.          3800                 22790                86501490             223068.4667          138                  3750                 3750                 3840                 HUF                  3795.5897            75739601200         

ALTEO                2024.05.13.          3800                 16432                62412180             161130.2215          59                   3800                 3790                 3800                 HUF                  3798.2096            75739601200         

ANY                  2024.05.09.          3700                 2158                 7967070              20514.6514           26                   3690                 3680                 3700                 HUF                  3691.8767            54740205000         

ANY                  2024.05.10.          3680                 13104                48637640             125425.86            60                   3700                 3650                 3760                 HUF                  3711.6636            54444312000         

ANY                  2024.05.13.          3750                 11113                41386260             106847.3692          42                   3720                 3700                 3750                 HUF                  3724.1303            55479937500         

APPENINN             2024.05.09.          504                  49221                24770470             63782.2381           69                   508                  500                  508                  HUF                  503.25               23875195176         

APPENINN             2024.05.10.          502                  27271                13559821             34967.8194           54                   502                  493                  504                  HUF                  497.2249             23780452338         

APPENINN             2024.05.13.          495                  40923                20331110             52489.0535           62                   500                  490                  504                  HUF                  496.8138             23448852405         

AUTOWALLIS           2024.05.09.          153                  125066               19125646             49247.2088           46                   155                  152                  155                  HUF                  152.9244             82536897438         

AUTOWALLIS           2024.05.10.          154.5                612279               93322840.5           240659.2411          181                  150                  148.5                155.5                HUF                  152.4188             83346082707         

AUTOWALLIS           2024.05.13.          153                  95237                14670647             37875.3731           34                   155                  153                  155                  HUF                  154.0436             82536897438         

BIF                  2024.05.09.          522                  11338                5844036              15047.9864           33                   530                  508                  530                  HUF                  515.438              149826757680        

BIF                  2024.05.10.          500                  15642                7879282              20318.9489           46                   512                  500                  520                  HUF                  503.726              143512220000        

BIF                  2024.05.13.          489                  28379                13633851             35198.6653           41                   480                  476                  494                  HUF                  480.4204             140354951160        

