Név                  Dátum                Utolsó ár            Forgalom (db)        Forgalom (HUF érték) Forgalom (EUR érték) Kötések száma        Nyitó ár             Minimum ár           Maximum ár           Deviza               Átlag ár             Kapitalizáció       

AUTOWALLIS           2023.01.02.          95.5                 58925                5679062.2            14174.268            16                   98                   95.5                 98                   HUF                  96.3778              42238599691         

AUTOWALLIS           2023.01.03.          97                   110280               10520522.8           26117.8292           19                   96                   95.2                 97.4                 HUF                  95.3983              42902033194         

AUTOWALLIS           2023.01.04.          97.1                 46388                4480190.2            11281.1356           18                   96.1                 95.7                 97.5                 HUF                  96.5808              42946262094.2       

AUTOWALLIS           2023.01.05.          98                   17176                1681239.7            4249.2031            19                   97.1                 97.1                 98                   HUF                  97.8831              43344322196         

AUTOWALLIS           2023.01.06.          98.2                 25978                2553057.7            6436.0636            20                   98.5                 98                   98.5                 HUF                  98.2777              43432779996.4       

AUTOWALLIS           2023.01.09.          100                  92458                9198490.4            23164.1662           41                   99                   98.2                 100                  HUF                  99.4883              44228900200         

AUTOWALLIS           2023.01.10.          99.9                 48780                4838673              12149.533            28                   100                  98.9                 100                  HUF                  99.1938              44184671299.8       

AUTOWALLIS           2023.01.11.          101                  250091               25324025.5           63297.4043           92                   99.9                 99.9                 102.6                HUF                  101.2592             44671189202         

AUTOWALLIS           2023.01.12.          101                  102538               10335475.6           25884.6342           35                   102                  99.8                 102.8                HUF                  100.7965             44671189202         

AUTOWALLIS           2023.01.13.          101                  24730                2502674.6            6316.8545            17                   101                  100.2                101.8                HUF                  101.1999             44671189202         

AUTOWALLIS           2023.01.16.          101.8                157770               16020407.6           40153.4102           45                   102                  101                  103.6                HUF                  101.5428             45025020403.6       

AUTOWALLIS           2023.01.17.          101                  44688                4526952.4            11342.3341           25                   101.4                101                  102                  HUF                  101.3013             44671189202         

AUTOWALLIS           2023.01.18.          101                  22874                2323049              5883.967             20                   101                  101                  102                  HUF                  101.5585             44671189202         

AUTOWALLIS           2023.01.19.          100.6                51260                5155682.4            13039.4861           15                   102                  100                  102                  HUF                  100.5791             44494273601.2       

AUTOWALLIS           2023.01.20.          101.2                17105                1736172.4            4385.6027            9                    101                  101                  102                  HUF                  101.5009             44759647002.4       

AUTOWALLIS           2023.01.23.          101                  32441                3311247.2            8390.9766            20                   102                  101                  102.6                HUF                  102.0698             44671189202         

AUTOWALLIS           2023.01.24.          102                  228444               22894220             57714.581            38                   101                  99                   102                  HUF                  100.2181             45113478204         

AUTOWALLIS           2023.01.25.          100.2                55437                5584250.8            14338.445            11                   100.8                100                  100.8                HUF                  100.7315             44317358000.4       

AUTOWALLIS           2023.01.26.          101                  1091067              111245523.4          286265.2104          61                   101                  100.2                102.8                HUF                  101.9603             44671189202         

AUTOWALLIS           2023.01.27.          101.8                89052                8980302              23134.3758           29                   101                  100                  102                  HUF                  100.8433             45025020403.6       

AUTOWALLIS           2023.01.30.          101.6                29185                2950685              7528.0258            12                   101                  101                  101.6                HUF                  101.1028             44936562603.2       

AUTOWALLIS           2023.01.31.          99                   87617                8700253.1            22366.2642           40                   101                  98.5                 101                  HUF                  99.2987              43786611198         

AUTOWALLIS           2023.02.01.          100.6                82883                8329599.4            21350.8302           19                   99                   99                   101                  HUF                  100.4983             44494273601.2       

AUTOWALLIS           2023.02.02.          99.5                 5305                 529867.5             1366.7299            9                    100.8                99.5                 100.8                HUF                  99.8808              44007755699         

AUTOWALLIS           2023.02.03.          99.5                 97565                9628943.5            25013.4914           26                   99                   98.4                 99.5                 HUF                  98.6926              44007755699         

AUTOWALLIS           2023.02.06.          98.5                 12516                1234240.5            3168.9445            8                    99.7                 98.5                 99.8                 HUF                  98.613               43565466697         

AUTOWALLIS           2023.02.07.          98.1                 23406                2295208.2            5844.686             8                    98.5                 98                   98.5                 HUF                  98.0607              43388551096.2       

AUTOWALLIS           2023.02.08.          98                   57343                5621658.4            14428.9377           21                   98                   98                   98.2                 HUF                  98.0357              43344322196         

AUTOWALLIS           2023.02.09.          99.5                 42696                4203670.5            10914.9391           26                   98                   98                   99.5                 HUF                  98.4558              44007755699         

AUTOWALLIS           2023.02.10.          98.6                 20464                2024485.2            5200.5888            6                    98.7                 98.6                 99.3                 HUF                  98.9291              43609695597.2       

AUTOWALLIS           2023.02.13.          98                   33200                3255857.7            8388.7914            8                    99                   98                   99                   HUF                  98.068               43344322196         

AUTOWALLIS           2023.02.14.          97.6                 73187                7226959              18896.9747           27                   99                   97.5                 99.3                 HUF                  98.7465              43167406595.2       

AUTOWALLIS           2023.02.15.          97.6                 19275                1880109.1            4956.7864            12                   97.6                 97.5                 98.5                 HUF                  97.5413              43167406595.2       

AUTOWALLIS           2023.02.16.          97.7                 3090                 302709               791.6651             5                    98                   97.7                 98                   HUF                  97.9641              43211635495.4       

AUTOWALLIS           2023.02.17.          97.6                 48403                4725415.2            12254.3897           9                    97.5                 97.5                 98                   HUF                  97.6265              43167406595.2       

AUTOWALLIS           2023.02.20.          98                   11412                1122054.5            2924.8351            14                   98.7                 98                   98.7                 HUF                  98.3223              43344322196         

AUTOWALLIS           2023.02.21.          98                   2508                 246838               643.2763             5                    98.5                 98                   98.5                 HUF                  98.4203              43344322196         

AUTOWALLIS           2023.02.22.          97.5                 33621                3280510.4            8544.3309            17                   97.7                 97.2                 97.7                 HUF                  97.5733              43123177695         

AUTOWALLIS           2023.02.23.          97.3                 104085               10150494.4           26641.0183           15                   97.5                 97.2                 98                   HUF                  97.5212              43034719894.6       

AUTOWALLIS           2023.02.24.          97.2                 85870                8353864.8            21992.536            17                   98                   97.2                 98                   HUF                  97.285               42990490994.4       

AUTOWALLIS           2023.02.27.          97                   18100                1753400              4621.5076            8                    96.6                 96.6                 97                   HUF                  96.8729              42902033194         

AUTOWALLIS           2023.02.28.          97.2                 91268                8857249.6            23314.687            15                   97.1                 97                   97.2                 HUF                  97.0466              42990490994.4       

AUTOWALLIS           2023.03.01.          97                   16384                1591410.3            4230.5614            12                   97                   97                   98                   HUF                  97.132               42902033194         

AUTOWALLIS           2023.03.02.          97.9                 39015                3768981.3            10080.4549           18                   97.9                 96                   97.9                 HUF                  96.6034              43300093295.8       

AUTOWALLIS           2023.03.03.          96                   23700                2275500              6010.3011            8                    96.1                 96                   96.1                 HUF                  96.0127              42459744192         

AUTOWALLIS           2023.03.06.          97                   5720                 551432.4             1456.6194            9                    96.1                 96                   97                   HUF                  96.4043              42902033194         

AUTOWALLIS           2023.03.07.          97                   7250                 704774.3             1867.1991            8                    97                   97                   97.8                 HUF                  97.2102              42902033194         

AUTOWALLIS           2023.03.08.          95.9                 6675                 641127.2             1682.0863            12                   97.2                 95.7                 97.2                 HUF                  96.049               42415515291.8       

AUTOWALLIS           2023.03.09.          95.6                 8474                 811566.8             2139.6436            8                    95.7                 95.6                 96.9                 HUF                  95.7714              42282828591.2       

AUTOWALLIS           2023.03.10.          95.2                 30400                2897982.7            7569.3013            18                   95.6                 94.9                 96                   HUF                  95.3284              42105912990.4       

AUTOWALLIS           2023.03.13.          93                   93149                8719513.4            22665.7484           35                   95                   91                   95.2                 HUF                  93.6082              41132877186         

AUTOWALLIS           2023.03.14.          93.3                 59070                5437572.3            13778.2144           26                   93                   91                   93.4                 HUF                  92.053               41265563886.6       

AUTOWALLIS           2023.03.16.          91.2                 80801                7293864.2            18436.5406           24                   88.4                 87                   92                   HUF                  90.2695              40336756982.4       

AUTOWALLIS           2023.03.17.          91.1                 59250                5357535              13595.0442           14                   90.1                 87.6                 92.3                 HUF                  90.4225              40292528082.2       

AUTOWALLIS           2023.03.20.          92.5                 17164                1568046.6            3930.6309            8                    94.8                 91                   94.8                 HUF                  91.3567              40911732685         

AUTOWALLIS           2023.03.21.          94                   111933               10459562.4           26700.2665           20                   92.9                 92.9                 95                   HUF                  93.4449              41575166188         

AUTOWALLIS           2023.03.22.          93.4                 2900                 266680               683.2168             5                    91.6                 91.6                 93.4                 HUF                  91.9586              41309792786.8       

AUTOWALLIS           2023.03.23.          92.5                 5700                 524750               1359.8082            2                    92                   92                   92.5                 HUF                  92.0614              40911732685         

AUTOWALLIS           2023.03.24.          92.5                 47928                4365180.2            11244.3786           17                   92.5                 90.8                 92.5                 HUF                  91.0779              40911732685         

AUTOWALLIS           2023.03.27.          91.2                 11104                1011869              2622.7812            7                    92                   91                   92.5                 HUF                  91.1265              40336756982.4       

AUTOWALLIS           2023.03.28.          91.8                 36200                3290444.2            8545.9424            9                    91.2                 90.8                 92                   HUF                  90.8962              40602130383.6       

AUTOWALLIS           2023.03.29.          91.9                 100                  9190                 24.1461              1                    91.9                 91.9                 91.9                 HUF                  91.9                 40646359283.8       

AUTOWALLIS           2023.03.30.          90                   10000                901600               2366.5284            3                    90.8                 90                   90.8                 HUF                  90.16                39806010180         

AUTOWALLIS           2023.03.31.          91.2                 9475                 856741               2248.7231            14                   90                   90                   91.5                 HUF                  90.4212              40336756982.4       

AUTOWALLIS           2023.04.03.          93                   115371               10672886.2           28067.3387           23                   92.8                 92                   94                   HUF                  92.5093              41132877186         

AUTOWALLIS           2023.04.04.          94                   72005                6730492.8            17880.2742           20                   93                   93                   94                   HUF                  93.4726              41575166188         

AUTOWALLIS           2023.04.05.          93.2                 18220                1690724              4483.0143            13                   94                   92                   94.8                 HUF                  92.795               41221334986.4       

AUTOWALLIS           2023.04.06.          94.6                 203399               19220630             50918.2738           45                   94.8                 93                   96.8                 HUF                  94.4972              41840539589.2       

AUTOWALLIS           2023.04.11.          93.6                 88189                8285761.2            22017.2753           16                   93.4                 93.4                 96.4                 HUF                  93.9546              41398250587.2       

AUTOWALLIS           2023.04.12.          94                   20797                1956596.2            5200.9468            8                    94.6                 93.4                 94.6                 HUF                  94.0807              41575166188         

AUTOWALLIS           2023.04.13.          94.2                 68192                6445230.4            17180.8669           24                   93.4                 93.4                 95                   HUF                  94.5159              41663623988.4       

AUTOWALLIS           2023.04.14.          94.4                 62321                5873579.4            15711.4792           11                   94.2                 94                   94.4                 HUF                  94.2472              41752081788.8       

AUTOWALLIS           2023.04.17.          95.6                 91845                8733763.6            23408.64             26                   94.8                 94.6                 97                   HUF                  95.0924              42282828591.2       

AUTOWALLIS           2023.04.18.          96                   22562                2161032              5816.2616            17                   96                   95                   96.2                 HUF                  95.7819              42459744192         

AUTOWALLIS           2023.04.19.          95.8                 39493                3741955              9919.5584            9                    94.8                 94.2                 96                   HUF                  94.7498              42371286391.6       

AUTOWALLIS           2023.04.20.          95.4                 59459                5663026.4            14949.5166           7                    94.2                 94                   95.4                 HUF                  95.2425              42194370790.8       

AUTOWALLIS           2023.04.21.          95.2                 77650                7332994.8            19406.6448           12                   94                   93.6                 95.6                 HUF                  94.4365              42105912990.4       

AUTOWALLIS           2023.04.24.          95.4                 125741               11859650.6           31464.636            22                   95                   93.4                 96.4                 HUF                  94.3181              42194370790.8       

AUTOWALLIS           2023.04.25.          94.4                 14915                1396597.2            3706.4682            12                   95.2                 93.2                 95.2                 HUF                  93.6371              41752081788.8       

AUTOWALLIS           2023.04.26.          94                   13400                1248425.2            3323.6388            15                   93.4                 92                   95.6                 HUF                  93.1661              41575166188         

AUTOWALLIS           2023.04.27.          95                   30214                2865460.8            7675.8212            20                   92.4                 92.4                 96                   HUF                  94.8388              42017455190         

AUTOWALLIS           2023.04.28.          94.6                 34887                3301704.6            8852.2296            8                    94.6                 94.6                 95                   HUF                  94.64                41840539589.2       

AUTOWALLIS           2023.05.02.          92.6                 83459                7769894.6            20899.7353           11                   94.6                 91.6                 95.2                 HUF                  93.0983              40955961585.2       

AUTOWALLIS           2023.05.03.          93.2                 8650                 807710               2157.2298            12                   92.8                 92.8                 94.8                 HUF                  93.3769              41221334986.4       

AUTOWALLIS           2023.05.04.          94.6                 3266                 308963.6             827.8324             3                    94.6                 94.6                 94.6                 HUF                  94.6                 41840539589.2       

AUTOWALLIS           2023.05.05.          94                   19480                1814740              4860.0428            10                   93                   93                   94                   HUF                  93.1591              41575166188         

AUTOWALLIS           2023.05.08.          93.8                 17293                1624822.4            4356.5594            6                    94                   93.8                 94                   HUF                  93.9584              41486708387.6       

AUTOWALLIS           2023.05.09.          93.2                 102998               9607082              25819.9366           25                   93.8                 93                   94.6                 HUF                  93.2745              41221334986.4       

AUTOWALLIS           2023.05.10.          93.2                 12825                1196017.8            3222.7253            14                   93.2                 93                   94                   HUF                  93.2567              41221334986.4       

AUTOWALLIS           2023.05.11.          93.2                 53066                4937497.8            13313.2844           10                   93                   93                   94                   HUF                  93.0445              41221334986.4       

AUTOWALLIS           2023.05.12.          93.6                 48345                4503322.2            12119.388            24                   93.4                 93                   93.8                 HUF                  93.1497              41398250587.2       

AUTOWALLIS           2023.05.15.          92.2                 20012                1846500.4            4997.1595            11                   93                   92                   93                   HUF                  92.2697              40779045984.4       

AUTOWALLIS           2023.05.16.          92                   141211               12998044.8           35188.8159           21                   92.2                 91.6                 93.4                 HUF                  92.047               40690588184         

AUTOWALLIS           2023.05.17.          91.6                 2700                 248399.6             672.9508             5                    92                   91.6                 92                   HUF                  91.9999              40513672583.2       

AUTOWALLIS           2023.05.18.          92                   42210                3909699              10480.6428           14                   92.2                 92                   93                   HUF                  92.6249              40690588184         

AUTOWALLIS           2023.05.19.          92.8                 34748                3193116              8462.3963            5                    92.4                 91.8                 92.8                 HUF                  91.8935              41044419385.6       

AUTOWALLIS           2023.05.22.          92.8                 30320                2785492.6            7418.6822            22                   91.4                 91                   93                   HUF                  91.8698              41044419385.6       

AUTOWALLIS           2023.05.23.          91.2                 45655                4209072              11172.3523           18                   92                   91.2                 93                   HUF                  92.193               40336756982.4       

AUTOWALLIS           2023.05.24.          90.4                 124490               11328524.2           30242.463            17                   91.2                 90.4                 91.2                 HUF                  90.9995              39982925780.8       

AUTOWALLIS           2023.05.25.          92.6                 98078                8950789.4            23963.3471           30                   91                   90.2                 92.6                 HUF                  91.2619              40955961585.2       

AUTOWALLIS           2023.05.26.          95.2                 389656               36850014.6           99059.179            77                   93.6                 93.6                 96                   HUF                  94.5706              42105912990.4       

AUTOWALLIS           2023.05.30.          97.2                 510067               49797024.2           134310.6705          114                  95                   95                   100                  HUF                  97.6284              42990490994.4       

AUTOWALLIS           2023.05.31.          99.4                 178024               17542664.6           47277.1643           61                   98                   97                   99.4                 HUF                  98.541               43963526798.8       

AUTOWALLIS           2023.06.01.          97                   166474               16342255             44102.6987           23                   98.6                 97                   99                   HUF                  98.167               42902033194         

AUTOWALLIS           2023.06.02.          95.2                 90165                8659122.8            23336.1796           22                   98                   95.2                 98                   HUF                  96.0364              42105912990.4       

AUTOWALLIS           2023.06.05.          97.2                 17601                1702431.6            4608.3904            22                   95.8                 95.6                 97.6                 HUF                  96.7236              42990490994.4       

AUTOWALLIS           2023.06.06.          95                   45556                4372208.6            11844.31             24                   97                   95                   97.2                 HUF                  95.9744              42017455190         

AUTOWALLIS           2023.06.07.          95.2                 20313                1935860              5249.3628            13                   95.2                 95                   96.2                 HUF                  95.3015              42105912990.4       

AUTOWALLIS           2023.06.08.          95.8                 72718                6972852.8            18873.6035           33                   95.8                 94.6                 96.8                 HUF                  95.889               42371286391.6       

AUTOWALLIS           2023.06.09.          95                   82300                7863320              21293.6525           23                   96                   94.6                 96                   HUF                  95.5446              42017455190         

AUTOWALLIS           2023.06.12.          96                   14935                1422449              3862.7264            10                   95.8                 95                   96                   HUF                  95.2427              42459744192         

AUTOWALLIS           2023.06.13.          96                   52505                5055600              13660.0919           16                   95.4                 95.4                 97                   HUF                  96.288               42459744192         

AUTOWALLIS           2023.06.14.          95.8                 152951               14540120             39168.4715           42                   96                   94.8                 97                   HUF                  95.0639              42371286391.6       

AUTOWALLIS           2023.06.15.          94.6                 19841                1878123.6            5026.4247            11                   94.8                 94.6                 95                   HUF                  94.6587              41840539589.2       

AUTOWALLIS           2023.06.16.          94.8                 96400                9104940.8            24336.3024           18                   94.8                 94                   95                   HUF                  94.4496              41928997389.6       

AUTOWALLIS           2023.06.19.          94.8                 45406                4322439.2            11559.1785           16                   94.4                 94.4                 96                   HUF                  95.1953              41928997389.6       

AUTOWALLIS           2023.06.20.          96                   100796               9587896              25655.9792           24                   95                   94.2                 96                   HUF                  95.1218              42459744192         

AUTOWALLIS           2023.06.21.          94.6                 9817                 940534.2             2532.1977            13                   96                   94.6                 96.4                 HUF                  95.8067              41840539589.2       

AUTOWALLIS           2023.06.22.          96.2                 69070                6658826.4            17995.369            25                   94.2                 94.2                 97.4                 HUF                  96.4069              42548201992.4       

AUTOWALLIS           2023.06.23.          96                   11614                1115796              3010.5388            9                    96                   96                   97                   HUF                  96.0734              42459744192         

AUTOWALLIS           2023.06.26.          95                   18353                1759265              4763.009             12                   95.4                 95                   97.2                 HUF                  95.8571              42017455190         

AUTOWALLIS           2023.06.27.          94                   47659                4478430.2            12138.97             31                   95                   93                   95                   HUF                  93.9682              41575166188         

AUTOWALLIS           2023.06.28.          96                   8402                 803912               2168.5153            12                   95.8                 95                   96                   HUF                  95.681               42459744192         

AUTOWALLIS           2023.06.29.          95.8                 10821                1039210.2            2801.7098            12                   95                   95                   96.8                 HUF                  96.0364              42371286391.6       

AUTOWALLIS           2023.06.30.          96.4                 253532               24593848.8           66267.4772           58                   96                   96                   98                   HUF                  97.0049              42636659792.8       

AUTOWALLIS           2023.07.03.          97.8                 169483               16573385             44347.0646           32                   96                   96                   98                   HUF                  97.7879              43255864395.6       

AUTOWALLIS           2023.07.04.          96.4                 3477                 334927.8             893.1408             8                    97                   96.2                 97                   HUF                  96.3267              42636659792.8       

AUTOWALLIS           2023.07.05.          95                   53724                5158502.2            13645.7482           7                    96.4                 95                   96.4                 HUF                  96.0186              42017455190         

AUTOWALLIS           2023.07.06.          94.8                 104523               10013782.4           26212.7177           14                   96                   94.8                 97                   HUF                  95.8046              41928997389.6       

AUTOWALLIS           2023.07.07.          96.2                 9045                 860663.4             2221.6402            5                    94.6                 94.6                 96.4                 HUF                  95.1535              42548201992.4       

AUTOWALLIS           2023.07.10.          97                   45009                4286963              11166.5833           16                   96.2                 94.8                 97                   HUF                  95.2468              42902033194         

AUTOWALLIS           2023.07.11.          96                   84268                8086213              21275.5887           19                   97                   95                   97                   HUF                  95.9583              42459744192         

AUTOWALLIS           2023.07.12.          95.2                 43035                4127752              10929.8099           19                   96                   95.2                 96.6                 HUF                  95.9162              42105912990.4       

AUTOWALLIS           2023.07.13.          96.4                 22275                2121141.4            5643.7351            10                   95                   95                   96.8                 HUF                  95.2252              42636659792.8       

AUTOWALLIS           2023.07.14.          97                   23677                2271723.2            6058.4132            13                   96.2                 95.2                 97                   HUF                  95.9464              42902033194         

AUTOWALLIS           2023.07.17.          98                   188993               18528707.6           49599.0245           65                   97                   96                   99                   HUF                  98.0391              43344322196         

AUTOWALLIS           2023.07.18.          97.8                 46860                4589352              12263.1253           10                   98                   97                   98.4                 HUF                  97.9375              43255864395.6       

AUTOWALLIS           2023.07.19.          98                   539794               50635510.2           135190.2555          83                   98                   88.6                 99                   HUF                  93.8052              43344322196         

AUTOWALLIS           2023.07.20.          97.6                 1192700              115887703            305072.0062          27                   97                   96                   98                   HUF                  97.1642              43167406595.2       

AUTOWALLIS           2023.07.21.          97.6                 9524                 920413.6             2417.878             4                    97.6                 96.2                 97.8                 HUF                  96.6415              43167406595.2       

AUTOWALLIS           2023.07.24.          98                   100097               9773062.6            25789.1667           21                   97.6                 95.6                 98                   HUF                  97.6359              43344322196         

AUTOWALLIS           2023.07.25.          97                   162841               15619860.4           41262.3442           35                   96                   94.4                 97                   HUF                  95.9209              42902033194         

AUTOWALLIS           2023.07.26.          97                   12160                1179520              3085.4064            11                   96                   96                   97.6                 HUF                  97                   42902033194         

AUTOWALLIS           2023.07.27.          97.6                 90930                8806983.4            23263.8175           13                   97.6                 96                   97.6                 HUF                  96.8545              43167406595.2       

AUTOWALLIS           2023.07.28.          97.2                 24725                2409057              6276.8551            13                   97                   97                   97.8                 HUF                  97.4341              42990490994.4       

AUTOWALLIS           2023.07.31.          97                   43089                4180548              10850.6748           23                   98                   96.2                 98                   HUF                  97.0212              42902033194         

AUTOWALLIS           2023.08.01.          96.6                 7534                 730630.8             1874.9988            6                    97                   96.6                 97                   HUF                  96.9778              42725117593.2       

AUTOWALLIS           2023.08.02.          97.2                 17100                1653678              4248.2608            8                    96.4                 96.4                 97.2                 HUF                  96.7063              42990490994.4       

AUTOWALLIS           2023.08.03.          102.5                538637               53831915.6           137484.1415          142                  97                   97                   104                  HUF                  99.941               45334622705         

AUTOWALLIS           2023.08.04.          100                  212421               21372744             54576.6043           64                   103                  100                  104                  HUF                  100.615              44228900200         

AUTOWALLIS           2023.08.07.          98.6                 129297               12813230.4           32826.6605           61                   100                  98                   101                  HUF                  99.0992              43609695597.2       

AUTOWALLIS           2023.08.08.          99                   84660                8425082.6            21798.4026           26                   99                   97.8                 100                  HUF                  99.5167              43786611198         

AUTOWALLIS           2023.08.09.          99.6                 142514               14191464.3           36560.8623           29                   99                   98.4                 101                  HUF                  99.5794              44051984599.2       

AUTOWALLIS           2023.08.10.          99.6                 175016               17576508.2           45493.7445           65                   99.6                 99                   101.5                HUF                  100.428              44051984599.2       

AUTOWALLIS           2023.08.11.          107                  673500               70198332.1           182470.7756          167                  100                  99.2                 108                  HUF                  104.2291             47324923214         

AUTOWALLIS           2023.08.14.          107.5                706201               77900748.5           203560.9723          200                  109                  107                  113                  HUF                  110.3096             47546067715         

AUTOWALLIS           2023.08.15.          104                  166057               17425185             44918.3744           57                   107                  104                  109.5                HUF                  104.935              45998056208         

AUTOWALLIS           2023.08.16.          104                  363680               37413304             96893.0257           56                   104                  101                  105                  HUF                  102.8742             45998056208         

AUTOWALLIS           2023.08.17.          103                  155336               16379502.5           42253.3277           41                   105                  103                  106.5                HUF                  105.4456             45555767206         

AUTOWALLIS           2023.08.18.          106.5                161787               16996983.5           44265.2833           33                   106                  103                  106.5                HUF                  105.0578             47103778713         

AUTOWALLIS           2023.08.21.          107                  99070                10480113             27380.3767           23                   107                  105                  107                  HUF                  105.7849             47324923214         

AUTOWALLIS           2023.08.22.          106                  295098               31269233             81694.0981           85                   107                  102                  108                  HUF                  105.9622             46882634212         

AUTOWALLIS           2023.08.23.          108.5                609336               66906561             174563.1418          155                  107                  106                  111.5                HUF                  109.8024             47988356717         

AUTOWALLIS           2023.08.24.          113.5                367378               41457227.5           108192.5662          117                  108.5                108.5                115                  HUF                  112.8462             50199801727         

AUTOWALLIS           2023.08.25.          117.5                702004               82318976.5           214948.8903          222                  113.5                112                  120                  HUF                  117.2628             51968957735         

AUTOWALLIS           2023.08.28.          120.5                682363               82244074.5           214730.8804          216                  118                  117.5                124.5                HUF                  120.5283             53295824741         

AUTOWALLIS           2023.08.29.          119.5                236917               28666589             75000.2329           51                   122                  119.5                122.5                HUF                  120.9984             52853535739         

AUTOWALLIS           2023.08.30.          115                  331685               38425605.5           100973.8681          133                  119                  111                  120                  HUF                  115.8497             50863235230         

AUTOWALLIS           2023.08.31.          111                  926203               105217597.5          276851.9866          296                  118.5                109                  122                  HUF                  113.601              54727429788         

AUTOWALLIS           2023.09.01.          112                  428984               46933191.5           122234.5856          123                  110                  107                  114                  HUF                  109.4055             55220469696         

AUTOWALLIS           2023.09.04.          116.5                210211               24353454.5           63665.8332           119                  114                  113.5                118.5                HUF                  115.8524             57439149282         

AUTOWALLIS           2023.09.05.          116.5                116257               13516440             35109.4602           61                   118                  114                  119                  HUF                  116.2635             57439149282         

AUTOWALLIS           2023.09.06.          117                  144515               16959124             43725.9869           53                   116                  116                  119                  HUF                  117.352              57685669236         

AUTOWALLIS           2023.09.07.          116.5                24147                2835736              7255.6764            21                   117.5                116                  118                  HUF                  117.4364             57439149282         

AUTOWALLIS           2023.09.08.          115.5                225117               26056993.5           67666.442            32                   116                  115                  117                  HUF                  115.7487             56946109374         

AUTOWALLIS           2023.09.11.          115                  157792               18132507             47136.5993           51                   117.5                114                  118                  HUF                  114.914              56699589420         

AUTOWALLIS           2023.09.12.          113.5                87259                9944787              25740.3572           38                   114                  112.5                115                  HUF                  113.9686             55960029558         

AUTOWALLIS           2023.09.13.          113.5                34147                3862195              10031.6753           18                   113                  113                  114.5                HUF                  113.105              55960029558         

AUTOWALLIS           2023.09.14.          112                  66578                7461195              19404.9285           42                   114                  111.5                114                  HUF                  112.067              55220469696         

AUTOWALLIS           2023.09.15.          111.5                139177               15483333             40312.7812           49                   111                  110                  112                  HUF                  111.2492             54973949742         

AUTOWALLIS           2023.09.18.          111                  125730               13977639             36375.4723           56                   111                  110                  112                  HUF                  111.1719             54727429788         

AUTOWALLIS           2023.09.19.          114                  257395               28842950             75137.2861           74                   113.5                110                  114                  HUF                  112.0571             56206549512         

AUTOWALLIS           2023.09.20.          116.5                261166               30200614             78710.975            103                  114.5                113.5                116.5                HUF                  115.6376             57439149282         

AUTOWALLIS           2023.09.21.          113                  215252               24695317             64042.211            57                   117                  112                  117.5                HUF                  114.7275             55713509604         

AUTOWALLIS           2023.09.22.          112                  77120                8748421              22622.6914           37                   115                  112                  115                  HUF                  113.4391             55220469696         

AUTOWALLIS           2023.09.25.          113                  174365               19861741             50913.1809           40                   115                  112.5                116                  HUF                  113.909              55713509604         

AUTOWALLIS           2023.09.26.          113.5                20037                2292253.5            5882.7016            10                   115                  113                  115                  HUF                  114.401              55960029558         

AUTOWALLIS           2023.09.27.          113                  28258                3201304              8242.923             13                   113.5                113                  113.5                HUF                  113.2884             55713509604         

AUTOWALLIS           2023.09.28.          112.5                183107               20678742             52608.2937           29                   114.5                112                  114.5                HUF                  112.9326             55466989650         

AUTOWALLIS           2023.09.29.          115.5                242093               27629396.5           70618.2658           46                   113                  112.5                116                  HUF                  114.1272             56946109374         

AUTOWALLIS           2023.10.02.          115                  86739                9961730.5            25712.3364           38                   115                  113                  116                  HUF                  114.8472             56699589420         

AUTOWALLIS           2023.10.03.          114                  52851                6041980              15589.3903           18                   114                  114                  115.5                HUF                  114.321              56206549512         

AUTOWALLIS           2023.10.04.          115                  43131                4917783              12660.0154           16                   114                  113.5                115                  HUF                  114.0197             56699589420         

AUTOWALLIS           2023.10.05.          116                  91260                10543450             27197.6732           28                   115.5                115                  116                  HUF                  115.532              57192629328         

AUTOWALLIS           2023.10.06.          114                  76830                8807305              22769.0727           20                   116                  114                  116                  HUF                  114.6337             56206549512         

AUTOWALLIS           2023.10.09.          113                  53884                6071486              15636.8755           18                   114.5                112.5                114.5                HUF                  112.677              55713509604         

AUTOWALLIS           2023.10.10.          115                  44720                5058319              13044.9737           28                   113                  112.5                115                  HUF                  113.1109             56699589420         

AUTOWALLIS           2023.10.11.          114.5                41130                4673886              12086.2817           15                   113.5                113                  115                  HUF                  113.6369             56453069466         

AUTOWALLIS           2023.10.12.          113.5                6155                 700976.5             1815.2489            11                   114                  113.5                114.5                HUF                  113.8873             55960029558         

AUTOWALLIS           2023.10.13.          117                  261800               30354918             78412.1668           82                   114.5                114                  117.5                HUF                  115.947              57685669236         

AUTOWALLIS           2023.10.16.          116                  252643               29669735.5           76711.5741           70                   118                  116                  119                  HUF                  117.4374             57192629328         

AUTOWALLIS           2023.10.17.          115.5                70786                8180113.5            21209.587            32                   117                  115                  118                  HUF                  115.5612             56946109374         

AUTOWALLIS           2023.10.18.          116                  75584                8780464.5            22904.5637           20                   116                  115                  116.5                HUF                  116.1683             57192629328         

AUTOWALLIS           2023.10.19.          116                  77229                8941864              23231.655            21                   116                  115.5                116                  HUF                  115.7838             57192629328         

AUTOWALLIS           2023.10.20.          114.5                157253               18128281             47241.0512           31                   116                  114                  117                  HUF                  115.281              56453069466         

AUTOWALLIS           2023.10.24.          115                  109680               12560377             32953.8948           43                   114.5                113                  116                  HUF                  114.5184             56699589420         

AUTOWALLIS           2023.10.25.          115.5                84251                9690216.5            25172.0088           32                   114                  113.5                116                  HUF                  115.016              56946109374         

AUTOWALLIS           2023.10.26.          115                  22875                2631117.5            6859.1921            18                   115                  114.5                115.5                HUF                  115.0215             56699589420         

AUTOWALLIS           2023.10.27.          114.5                34530                3968522.5            10353.5677           14                   115                  114.5                115                  HUF                  114.9297             56453069466         

AUTOWALLIS           2023.10.30.          114                  24773                2835836              7412.0125            14                   115                  114                  115                  HUF                  114.4729             56206549512         

AUTOWALLIS           2023.10.31.          115                  66537                7647657              19994.92             16                   114.5                114                  115                  HUF                  114.9384             56699589420         

AUTOWALLIS           2023.11.02.          114                  31533                3603315              9419.4463            8                    116                  114                  116                  HUF                  114.2712             56206549512         

AUTOWALLIS           2023.11.03.          113.5                132896               15185535             39819.4226           45                   114.5                113.5                115                  HUF                  114.2663             55960029558         

AUTOWALLIS           2023.11.06.          114                  41390                4725460              12443.9353           31                   114                  114                  115                  HUF                  114.1691             56206549512         

AUTOWALLIS           2023.11.07.          114                  16509                1878498              4962.22              13                   115                  113.5                115                  HUF                  113.7863             56206549512         

AUTOWALLIS           2023.11.08.          114                  41664                4755266              12568.4313           10                   115                  114                  115                  HUF                  114.1337             56206549512         

AUTOWALLIS           2023.11.09.          113.5                74018                8388044              22132.6262           20                   114                  113                  115                  HUF                  113.3244             55960029558         

AUTOWALLIS           2023.11.10.          112.5                99459                11212143             29749.9018           27                   113                  112                  114                  HUF                  112.7313             55466989650         

AUTOWALLIS           2023.11.13.          112                  138741               15492306.5           41088.2018           61                   113                  111                  113                  HUF                  111.6635             55220469696         

AUTOWALLIS           2023.11.14.          114                  133231               15068102             39965.2601           40                   112                  112                  114                  HUF                  113.0976             56206549512         

AUTOWALLIS           2023.11.15.          113.5                99679                11225238             29795.7159           30                   113.5                112                  114                  HUF                  112.6139             55960029558         

AUTOWALLIS           2023.11.16.          113.5                16694                1878585              4991.325             6                    112.5                112.5                113.5                HUF                  112.5305             55960029558         

AUTOWALLIS           2023.11.17.          113.5                55234                6192393              16418.9129           13                   113.5                112                  113.5                HUF                  112.112              55960029558         

AUTOWALLIS           2023.11.20.          113.5                89839                10065169.5           26550.8705           20                   112.5                112                  113.5                HUF                  112.0356             55960029558         

AUTOWALLIS           2023.11.21.          113                  127339               14272291             37534.9542           27                   113.5                112                  113.5                HUF                  112.0811             55713509604         

AUTOWALLIS           2023.11.22.          110.5                101215               11246254             29498.3711           38                   111.5                110.5                112                  HUF                  111.1125             54480909834         

AUTOWALLIS           2023.11.23.          113.5                153719               17243487             45401.4929           43                   111.5                111.5                113.5                HUF                  112.1754             55960029558         

AUTOWALLIS           2023.11.24.          114.5                361949               41058794             108040.9283          69                   113.5                111                  115                  HUF                  113.4381             56453069466         

AUTOWALLIS           2023.11.27.          114                  63886                7238643.5            19051.5686           23                   115                  113                  115                  HUF                  113.3056             56206549512         

AUTOWALLIS           2023.11.28.          113                  35728                4009905              10549.0503           13                   114                  112                  114                  HUF                  112.2342             55713509604         

AUTOWALLIS           2023.11.29.          112.5                46963                5333247.5            14103.1508           25                   113                  112.5                114.5                HUF                  113.5628             55466989650         

AUTOWALLIS           2023.11.30.          115                  249539               28612982.5           75394.5416           68                   114                  113                  115.5                HUF                  114.6634             56699589420         

AUTOWALLIS           2023.12.01.          116.5                745976               88422173.5           232585.8787          218                  115                  114                  122                  HUF                  118.5322             57439149282         

AUTOWALLIS           2023.12.04.          117                  101777               11910133             31369.6974           31                   116.5                115.5                119                  HUF                  117.0219             57685669236         

AUTOWALLIS           2023.12.05.          119                  133001               15817495             41696.3095           50                   118                  117                  120                  HUF                  118.9276             58671749052         

AUTOWALLIS           2023.12.06.          119                  47199                5569288.5            14635.2249           20                   119                  117                  119                  HUF                  117.9959             58671749052         

AUTOWALLIS           2023.12.07.          118.5                218228               25981283.5           68233.536            63                   118                  117                  121                  HUF                  119.0557             58425229098         

AUTOWALLIS           2023.12.08.          118.5                43222                5082229              13283.7476           15                   119                  117                  119                  HUF                  117.5843             58425229098         

AUTOWALLIS           2023.12.11.          118                  177699               21093178.5           55322.0166           39                   120                  118                  120                  HUF                  118.7017             58178709144         

AUTOWALLIS           2023.12.12.          117                  176983               20704083.5           54119.8335           41                   120                  115                  120                  HUF                  116.9835             57685669236         

AUTOWALLIS           2023.12.13.          117                  20506                2398230.5            6284.3418            14                   116                  116                  118                  HUF                  116.9526             57685669236         

AUTOWALLIS           2023.12.14.          118                  186666               21783390             57341.3093           51                   117                  115                  118                  HUF                  116.6971             58178709144         

AUTOWALLIS           2023.12.15.          117                  92789                10900100.5           28654.3126           35                   118                  115.5                119                  HUF                  117.4719             57685669236         

AUTOWALLIS           2023.12.18.          113.5                146876               16811062             43740.0791           52                   118                  113                  118                  HUF                  114.4575             55960029558         

AUTOWALLIS           2023.12.19.          115                  46931                5367283.5            13997.7141           22                   113.5                113.5                116.5                HUF                  114.3654             56699589420         

AUTOWALLIS           2023.12.20.          115.5                34345                3949759.5            10259.1156           17                   116                  114                  116                  HUF                  115.0025             56946109374         

AUTOWALLIS           2023.12.21.          114                  100551               11625429             30348.0539           38                   116.5                114                  117                  HUF                  115.6172             56206549512         

AUTOWALLIS           2023.12.22.          114                  146779               16762898.5           43858.9704           51                   116                  113                  116                  HUF                  114.205              56206549512         

AUTOWALLIS           2023.12.27.          113.5                74956                8520019              22313.6448           31                   113.5                113.5                114                  HUF                  113.6669             55960029558         

AUTOWALLIS           2023.12.28.          114                  52780                6008720              15736.2246           25                   113.5                113                  114                  HUF                  113.8446             56206549512         

AUTOWALLIS           2023.12.29.          116                  73398                8447518              22068.8594           28                   113.5                113.5                116                  HUF                  115.0919             57192629328         

AUTOWALLIS           2024.01.02.          118                  191661               22453631             58760.6799           73                   117.5                113                  118.5                HUF                  117.1528             58178709144         

AUTOWALLIS           2024.01.03.          118                  53424                6322022              16602.8205           42                   117.5                117.5                119                  HUF                  118.3367             58178709144         

AUTOWALLIS           2024.01.04.          117                  18579                2182831              5753.6797            14                   117                  117                  118                  HUF                  117.4892             57685669236         

AUTOWALLIS           2024.01.05.          119                  73029                8629348              22821.718            33                   118                  117                  119                  HUF                  118.1633             58671749052         

